{
  "solver": "LBFGS",
  "objective": 2938.5350485308772,
  "objective_breakdown": {
    "neg_log_likelihood": 2938.4197058323066,
    "penalty": 0.11534269857055501
  },
  "nit": 500,
  "grad_norm": 1.23995702527894,
  "theta0": [
    0.05,
    0.3,
    1.3,
    1.0,
    0.0,
    0.5903058992751073,
    -2.0800709646958078,
    0.08009008627934186,
    3.887098705988172,
    6.351101048258439,
    4.329667519544973,
    5.5610358271505245,
    17.59674975469458
  ],
  "theta0_transformed": [
    0.05,
    0.3,
    1.3,
    1.0,
    0.0,
    0.5903058992751073,
    -2.0800709646958078,
    0.08009008627934186,
    3.887098705988172,
    6.351101048258439,
    4.329667519544973,
    5.5610358271505245,
    17.59674975469458
  ],
  "theta_hat": [
    0.037790674354642936,
    0.32129881453658765,
    0.7619799230194176,
    0.6142692004201782,
    -1.1256402724528003,
    0.4487123353938657,
    -2.0594356347215808,
    -0.04245743820243738,
    3.5358204160783044,
    5.09197674279689,
    4.687331518067651,
    3.9153424817054825,
    13.542373526759077
  ],
  "theta_hat_transformed": [
    0.037790674354642936,
    0.32129881453658765,
    1.240465780309677,
    0.6142692004201782,
    -1.1256402724528003,
    0.4487123353938657,
    -2.0594356347215808,
    -0.04245743820243738,
    3.5358204160783044,
    10.12197422725518,
    9.463231733813462,
    8.20647161002066,
    23.878803933484743
  ],
  "moment_vector": [
    -0.03477849870881711,
    0.4452704683592066,
    -0.006081526876929644,
    -0.176558993559345
  ],
  "labor_supplied_data": [
    935.0,
    80.0,
    545.0,
    28.0
  ],
  "labor_supplied_model": [
    934.4816711935513,
    79.87448081877243,
    545.0060256869436,
    28.216691375035964
  ],
  "average_skill": [
    8.85086758848778,
    8.728190079154507,
    8.560487528559788,
    14.221400046369691
  ],
  "weight_matrix": [
    [
      1.0,
      0.0,
      0.0,
      0.0
    ],
    [
      0.0,
      1.0,
      0.0,
      0.0
    ],
    [
      0.0,
      0.0,
      1.0,
      0.0
    ],
    [
      0.0,
      0.0,
      0.0,
      1.0
    ]
  ],
  "time_sec": 6.799502875015605,
  "timings": {
    "build_time_sec": 0.5837277499958873,
    "solve_time_sec": 6.215775125019718,
    "total_time_sec": 6.799502875015605
  },
  "distance_metrics": {
    "gamma_error": -0.012209325645357066,
    "beta_error": 0.12129881453658764,
    "phi_error": -0.23802007698058236,
    "sigma_skill_error": -0.3857307995798218,
    "lambda_skill_error": -1.1256402724528003,
    "V_l2": 0.19930434446741851,
    "V_max_abs": 0.3512782899098674,
    "c_l2": 2.2836150473171855,
    "c_max_abs": 4.054376227935505
  },
  "ci_radius_95": [
    0.018109535017194686,
    0.021224624011949054,
    0.2972193701831584,
    0.1014121427990964,
    1.169532291961868,
    0.1800346833166731,
    0.2721957365856819,
    0.23203743791418918,
    8.318104447225927,
    1.6557983177673277,
    1.7089690331261616,
    1.2317731267388825,
    3.9952647073525616
  ],
  "ci_radius_95_transformed": [
    0.018109535017194686,
    0.021224624011949054,
    0.31445680055096276,
    0.1014121427990964,
    1.169532291961868,
    0.1800346833166731,
    0.2721957365856819,
    0.23203743791418918,
    8.318104447225927,
    2.8162218391467047,
    3.056363694877129,
    1.9882613483641334,
    4.787411534486048
  ],
  "param_names": [
    "gamma",
    "beta",
    "phi",
    "sigma_skill",
    "lambda_skill",
    "V_1",
    "V_2",
    "V_3",
    "V_4",
    "c_1",
    "c_2",
    "c_3",
    "c_4"
  ],
  "param_names_transformed": [
    "gamma",
    "beta",
    "phi_over_sigma_skill",
    "sigma_skill",
    "lambda_skill",
    "V_1",
    "V_2",
    "V_3",
    "V_4",
    "c_tilde_1",
    "c_tilde_2",
    "c_tilde_3",
    "c_tilde_4"
  ],
  "standard_errors": [
    0.009239558682242187,
    0.010828889802014824,
    0.15164253580773387,
    0.05174088918321245,
    0.5967001489601368,
    0.09185443026360873,
    0.13887537580902137,
    0.11838644791540265,
    4.243930840421392,
    0.8447950600853713,
    0.8719229760847763,
    0.6284556769075931,
    2.038400360894164
  ],
  "standard_errors_transformed": [
    0.009239558682242187,
    0.010828889802014824,
    0.1604371431382463,
    0.05174088918321245,
    0.5967001489601368,
    0.09185443026360873,
    0.13887537580902137,
    0.11838644791540265,
    4.243930840421392,
    1.4368478771156656,
    1.5593692320801678,
    1.0144190552878232,
    2.4425569053500245
  ],
  "covariance": [
    [
      8.536944464259695e-05,
      -2.1662397081520722e-06,
      -7.216940979477336e-05,
      -1.743974738364968e-05,
      0.00015459015282485308,
      0.0006950682147362683,
      0.0006132401008749457,
      0.0009532667251107663,
      0.0025910459439829354,
      -0.00037330801385974233,
      -0.0004627402054808433,
      -0.0002744291019273523,
      -0.0009363651525858181
    ],
    [
      -2.1662397081520722e-06,
      0.00011726485434418064,
      0.00014904550417721516,
      -0.00018275302051685955,
      -0.0010655831054137634,
      -5.5614656400437205e-05,
      0.00019571501862288834,
      -0.00012888332500139599,
      0.00040732552286649505,
      0.0008244211288329954,
      0.004535437077177236,
      -0.001149356691489954,
      0.0023600047115350893
    ],
    [
      -7.216940979477336e-05,
      0.00014904550417721516,
      0.02299545866619985,
      0.007014491682910332,
      -0.06368293278923687,
      -0.0029307086337808704,
      -0.0017408708023852444,
      -0.0024491383843528967,
      -0.4776778371825151,
      0.12528790425309827,
      0.11293325202178249,
      0.08491950233850896,
      0.30664570561389404
    ],
    [
      -1.743974738364968e-05,
      -0.00018275302051685955,
      0.007014491682910332,
      0.002677119613469471,
      -0.022008235436501968,
      -0.0009103712227127897,
      -0.0011484702702350134,
      -0.0006098880155078696,
      -0.14921416003242008,
      0.037569020714828275,
      0.024512754054705668,
      0.027166792930262744,
      0.09319285786666215
    ],
    [
      0.00015459015282485308,
      -0.0010655831054137634,
      -0.06368293278923687,
      -0.022008235436501968,
      0.3560510677690494,
      0.012094970115874227,
      0.01305881793632073,
      0.011267532471295024,
      1.244867456005635,
      -0.3205347180005671,
      -0.22097666866535237,
      -0.13204603065817772,
      -0.857638903997533
    ],
    [
      0.0006950682147362683,
      -5.5614656400437205e-05,
      -0.0029307086337808704,
      -0.0009103712227127897,
      0.012094970115874227,
      0.00843723635905216,
      0.00641955795094673,
      0.009193008837275318,
      0.07055448668454344,
      -0.013466235655694905,
      -0.014260539523322197,
      -0.009017227029377458,
      -0.03891650148111574
    ],
    [
      0.0006132401008749457,
      0.00019571501862288834,
      -0.0017408708023852444,
      -0.0011484702702350134,
      0.01305881793632073,
      0.00641955795094673,
      0.019286370006096922,
      0.008208336304505032,
      0.01789726404593399,
      -0.009401708678646235,
      0.005294402876511619,
      -0.004260707469049898,
      -0.025002303641538014
    ],
    [
      0.0009532667251107663,
      -0.00012888332500139599,
      -0.0024491383843528967,
      -0.0006098880155078696,
      0.011267532471295024,
      0.009193008837275318,
      0.008208336304505032,
      0.014015351050026345,
      0.06339789444536592,
      -0.013179610060453073,
      -0.013183828264801209,
      -0.004950864997091449,
      -0.03231307827541638
    ],
    [
      0.0025910459439829354,
      0.00040732552286649505,
      -0.4776778371825151,
      -0.14921416003242008,
      1.244867456005635,
      0.07055448668454344,
      0.01789726404593399,
      0.06339789444536592,
      18.010948978279817,
      -2.5993420123010713,
      -2.3817883134055244,
      -1.7674621530003582,
      -5.728240702529675
    ],
    [
      -0.00037330801385974233,
      0.0008244211288329954,
      0.12528790425309827,
      0.037569020714828275,
      -0.3205347180005671,
      -0.013466235655694905,
      -0.009401708678646235,
      -0.013179610060453073,
      -2.5993420123010713,
      0.7136786935446462,
      0.619171166210414,
      0.4664582949921481,
      1.6706612434574302
    ],
    [
      -0.0004627402054808433,
      0.004535437077177236,
      0.11293325202178249,
      0.024512754054705668,
      -0.22097666866535237,
      -0.014260539523322197,
      0.005294402876511619,
      -0.013183828264801209,
      -2.3817883134055244,
      0.619171166210414,
      0.7602496762245334,
      0.42480095724649886,
      1.5038694632944782
    ],
    [
      -0.0002744291019273523,
      -0.001149356691489954,
      0.08491950233850896,
      0.027166792930262744,
      -0.13204603065817772,
      -0.009017227029377458,
      -0.004260707469049898,
      -0.004950864997091449,
      -1.7674621530003582,
      0.4664582949921481,
      0.42480095724649886,
      0.394956537837381,
      1.1329582294333416
    ],
    [
      -0.0009363651525858181,
      0.0023600047115350893,
      0.30664570561389404,
      0.09319285786666215,
      -0.857638903997533,
      -0.03891650148111574,
      -0.025002303641538014,
      -0.03231307827541638,
      -5.728240702529675,
      1.6706612434574302,
      1.5038694632944782,
      1.1329582294333416,
      4.155076031293458
    ]
  ],
  "covariance_transformed": [
    [
      8.536944464259695e-05,
      -2.1662397081520722e-06,
      -8.227011856290794e-05,
      -1.743974738364968e-05,
      0.00015459015282485308,
      0.0006950682147362683,
      0.0006132401008749457,
      0.0009532667251107663,
      0.0025910459439829354,
      -0.0005720187385223004,
      -0.0007363123319965743,
      -0.0004654318705329649,
      -0.0010980771891633326
    ],
    [
      -2.1662397081520722e-06,
      0.00011726485434418064,
      0.0006116933294386102,
      -0.00018275302051685955,
      -0.0010655831054137634,
      -5.5614656400437205e-05,
      0.00019571501862288834,
      -0.00012888332500139599,
      0.00040732552286649505,
      0.006088251853280773,
      0.011933618616694702,
      0.0023051520204372383,
      0.012680940794027769
    ],
    [
      -8.227011856290794e-05,
      0.0006116933294386102,
      0.025740076898362135,
      0.006013025575886015,
      -0.05922886874414457,
      -0.0029326299990211917,
      -0.0005148113111310003,
      -0.0027554583074271407,
      -0.47631034980186365,
      0.2058709588832454,
      0.22249936786229954,
      0.1518337940769973,
      0.3689813109367882
    ],
    [
      -1.743974738364968e-05,
      -0.00018275302051685955,
      0.006013025575886015,
      0.002677119613469471,
      -0.022008235436501968,
      -0.0009103712227127897,
      -0.0011484702702350134,
      -0.0006098880155078696,
      -0.14921416003242008,
      0.05287505933603047,
      0.03449104430975299,
      0.04428892453599949,
      0.08347265158592808
    ],
    [
      0.00015459015282485308,
      -0.0010655831054137634,
      -0.05922886874414457,
      -0.022008235436501968,
      0.3560510677690494,
      0.012094970115874227,
      0.01305881793632073,
      0.011267532471295024,
      1.244867456005635,
      -0.7387949673914205,
      -0.6003210061553087,
      -0.5005739159974044,
      -1.1202899842376266
    ],
    [
      0.0006950682147362683,
      -5.5614656400437205e-05,
      -0.0029326299990211917,
      -0.0009103712227127897,
      0.012094970115874227,
      0.00843723635905216,
      0.00641955795094673,
      0.009193008837275318,
      0.07055448668454344,
      -0.02661121818716295,
      -0.02888058815700868,
      -0.02220730185096104,
      -0.04765483218615058
    ],
    [
      0.0006132401008749457,
      0.00019571501862288834,
      -0.0005148113111310003,
      -0.0011484702702350134,
      0.01305881793632073,
      0.00641955795094673,
      0.019286370006096922,
      0.008208336304505032,
      0.01789726404593399,
      -0.017640051188416096,
      0.005052874610508037,
      -0.012852079727152316,
      -0.017316553009990708
    ],
    [
      0.0009532667251107663,
      -0.00012888332500139599,
      -0.0027554583074271407,
      -0.0006098880155078696,
      0.011267532471295024,
      0.009193008837275318,
      0.008208336304505032,
      0.014015351050026345,
      0.06339789444536592,
      -0.02974896306825374,
      -0.030409874206442516,
      -0.018254812020786697,
      -0.047238595689264994
    ],
    [
      0.0025910459439829354,
      0.00040732552286649505,
      -0.47631034980186365,
      -0.14921416003242008,
      1.244867456005635,
      0.07055448668454344,
      0.01789726404593399,
      0.06339789444536592,
      18.010948978279817,
      -3.7994214662245582,
      -3.6052720754079557,
      -2.9104630993446285,
      -5.551397473109445
    ],
    [
      -0.0005720187385223004,
      0.006088251853280773,
      0.2058709588832454,
      0.05287505933603047,
      -0.7387949673914205,
      -0.02661121818716295,
      -0.017640051188416096,
      -0.02974896306825374,
      -3.7994214662245582,
      2.064531821971795,
      1.9571586965879444,
      1.3537328429816928,
      3.347898522209576
    ],
    [
      -0.0007363123319965743,
      0.011933618616694702,
      0.22249936786229954,
      0.03449104430975299,
      -0.6003210061553087,
      -0.02888058815700868,
      0.005052874610508037,
      -0.030409874206442516,
      -3.6052720754079557,
      1.9571586965879444,
      2.431632401958292,
      1.310936492512428,
      3.5577830133240465
    ],
    [
      -0.0004654318705329649,
      0.0023051520204372383,
      0.1518337940769973,
      0.04428892453599949,
      -0.5005739159974044,
      -0.02220730185096104,
      -0.012852079727152316,
      -0.018254812020786697,
      -2.9104630993446285,
      1.3537328429816928,
      1.310936492512428,
      1.0290460197310398,
      2.3419209128387553
    ],
    [
      -0.0010980771891633326,
      0.012680940794027769,
      0.3689813109367882,
      0.08347265158592808,
      -1.1202899842376266,
      -0.04765483218615058,
      -0.017316553009990708,
      -0.047238595689264994,
      -5.551397473109445,
      3.347898522209576,
      3.5577830133240465,
      2.3419209128387553,
      5.966084235873089
    ]
  ],
  "hessian": [
    [
      59380.07336508535,
      7993.926339242449,
      760.3362409765589,
      -1.4522252847195571,
      220.8111322548357,
      -1927.5587522038436,
      -103.79344006738339,
      -2833.765165703031,
      -5.533506389710044,
      -23.487906739570604,
      -232.481005943541,
      96.59958266021795,
      16.56626205264914
    ],
    [
      7993.926339242449,
      962329.3185876635,
      344256.43755246967,
      629.9095213247094,
      26407.626757145445,
      -1586.768101712847,
      17.833333905161076,
      692.5802620039655,
      -244.94867802239256,
      -17906.722639828626,
      -28891.73373148773,
      -9797.793659574385,
      -533.128538717719
    ],
    [
      760.3362409765589,
      344256.43755246967,
      139865.6677589126,
      -52.10693517886696,
      9485.018619449713,
      -338.8833355745682,
      14.215894544232821,
      201.08180226405204,
      -7.53894348825112,
      -6616.537706516228,
      -10379.530204416093,
      -3588.6144339989205,
      -1182.2235813752782
    ],
    [
      -1.4522252847195571,
      629.9095213247094,
      -52.10693517886696,
      299.4849269312994,
      7.077019366893484,
      0.2926963151023581,
      -0.0008253942801234428,
      -0.12732103030295427,
      0.04107041611888739,
      0.09208431377323213,
      -0.485615482386896,
      -0.3329473750595781,
      -1.4901454349585923
    ],
    [
      220.8111322548357,
      26407.626757145445,
      9485.018619449713,
      7.077019366893484,
      728.0363054757364,
      -43.84424393282542,
      0.4896206334868224,
      19.13484702555772,
      -6.758834599354376,
      -493.740222164166,
      -794.6630895243245,
      -272.6933085844853,
      -13.91917801186679
    ],
    [
      -1927.5587522038436,
      -1586.768101712847,
      -338.8833355745682,
      0.2926963151023581,
      -43.84424393282542,
      551.1922388581477,
      -31.24827709654341,
      -203.45155734857735,
      0.1876338357877116,
      -12.32692436698343,
      48.23624783846631,
      17.045524596506965,
      2.9311101359998037
    ],
    [
      -103.79344006738339,
      17.833333905161076,
      14.215894544232821,
      -0.0008253942801234428,
      0.4896206334868224,
      -31.24827709654341,
      76.99607645769683,
      -17.630588834623428,
      -0.023868737300487528,
      2.710832607339972,
      -5.6516731418987085,
      -0.05417066449915674,
      0.16272295374708626
    ],
    [
      -2833.765165703031,
      692.5802620039655,
      201.08180226405204,
      -0.12732103030295427,
      19.13484702555772,
      -203.45155734857735,
      -17.630588834623428,
      415.82561131241107,
      -0.29715839373356434,
      3.817719416893598,
      -18.77376943085453,
      -24.377488166896992,
      0.795968627191086
    ],
    [
      -5.533506389710044,
      -244.94867802239256,
      -7.53894348825112,
      0.04107041611888739,
      -6.758834599354376,
      0.1876338357877116,
      -0.023868737300487528,
      -0.29715839373356434,
      0.6311248295042731,
      4.58547484908175,
      7.378296968708772,
      2.534238846917179,
      -5.085309617670921
    ],
    [
      -23.487906739570604,
      -17906.722639828626,
      -6616.537706516228,
      0.09208431377323213,
      -493.740222164166,
      -12.32692436698343,
      2.710832607339972,
      3.817719416893598,
      4.58547484908175,
      369.53202937083404,
      538.582738496943,
      183.4353433461896,
      9.443501304302444
    ],
    [
      -232.481005943541,
      -28891.73373148773,
      -10379.530204416093,
      -0.485615482386896,
      -794.6630895243245,
      48.23624783846631,
      -5.6516731418987085,
      -18.77376943085453,
      7.378296968708772,
      538.582738496943,
      872.9369955260049,
      295.58723293032756,
      15.662460319302177
    ],
    [
      96.59958266021795,
      -9797.793659574385,
      -3588.6144339989205,
      -0.3329473750595781,
      -272.6933085844853,
      17.045524596506965,
      -0.05417066449915674,
      -24.377488166896992,
      2.534238846917179,
      183.4353433461896,
      295.58723293032756,
      117.34020284046925,
      4.6106116464859355
    ],
    [
      16.56626205264914,
      -533.128538717719,
      -1182.2235813752782,
      -1.4901454349585923,
      -13.91917801186679,
      2.9311101359998037,
      0.16272295374708626,
      0.795968627191086,
      -5.085309617670921,
      9.443501304302444,
      15.662460319302177,
      4.6106116464859355,
      67.90509736265903
    ]
  ],
  "J_micro": [
    [
      58718.279679071515,
      0.0,
      -1991.078874022708,
      0.0,
      0.0,
      -1893.3243552555423,
      -97.12837737914315,
      -2820.434508329678,
      -2.986297803117684,
      142.79107867768332,
      3.9002573258042013,
      171.1680802968442,
      8.797716635976531
    ],
    [
      0.0,
      0.0,
      0.0,
      0.0,
      0.0,
      0.0,
      0.0,
      0.0,
      0.0,
      0.0,
      0.0,
      0.0,
      0.0
    ],
    [
      -1991.078874022708,
      0.0,
      16287.247097015636,
      0.0,
      0.0,
      259.84903009119773,
      -8.152810763252393,
      -73.25521228858429,
      80.59624624965942,
      -173.02131950055468,
      -12.303134043372197,
      -50.343060123066415,
      -1020.5328249655448
    ],
    [
      0.0,
      0.0,
      0.0,
      0.0,
      0.0,
      0.0,
      0.0,
      0.0,
      0.0,
      0.0,
      0.0,
      0.0,
      0.0
    ],
    [
      0.0,
      0.0,
      0.0,
      0.0,
      0.0,
      0.0,
      0.0,
      0.0,
      0.0,
      0.0,
      0.0,
      0.0,
      0.0
    ],
    [
      -1893.3243552555423,
      0.0,
      259.84903009119773,
      0.0,
      0.0,
      548.0134473971658,
      -30.868332845459513,
      -202.22709011138002,
      0.015033996659168932,
      -42.221917026522895,
      0.43144796720302875,
      0.5563316018615636,
      0.4663463437548511
    ],
    [
      -97.12837737914315,
      0.0,
      -8.152810763252393,
      0.0,
      0.0,
      -30.868332845459513,
      77.10119218792765,
      -17.562870402705585,
      -0.4061145301809419,
      3.0688696795637322,
      -4.9597083648762,
      0.12729821390420068,
      1.051154437560477
    ],
    [
      -2820.434508329678,
      0.0,
      -73.25521228858429,
      0.0,
      0.0,
      -202.22709011138002,
      -17.562870402705585,
      415.3446953691035,
      -0.24290536655094006,
      15.834034607018356,
      1.826541440345029,
      -17.077256244693455,
      3.2957414492616377
    ],
    [
      -2.986297803117684,
      0.0,
      80.59624624965942,
      0.0,
      0.0,
      0.015033996659168932,
      -0.4061145301809419,
      -0.24290536655094006,
      0.6117774044946024,
      4.914859105626668e-10,
      6.417566065823549e-12,
      -9.238210671933034e-12,
      -5.234850100023713
    ],
    [
      142.79107867768332,
      0.0,
      -173.02131950055468,
      0.0,
      0.0,
      -42.221917026522895,
      3.0688696795637322,
      15.834034607018356,
      4.914859105626668e-10,
      33.688063447674864,
      -0.4702176598194897,
      -1.4827362886391726,
      -2.3972541435257798e-08
    ],
    [
      3.9002573258042013,
      0.0,
      -12.303134043372197,
      0.0,
      0.0,
      0.43144796720302875,
      -4.9597083648762,
      1.826541440345029,
      6.417566065823549e-12,
      -0.4702176598194897,
      2.898251651851242,
      -0.2533530872791005,
      -7.363642424012948e-10
    ],
    [
      171.1680802968442,
      0.0,
      -50.343060123066415,
      0.0,
      0.0,
      0.5563316018615636,
      0.12729821390420068,
      -17.077256244693455,
      -9.238210671933034e-12,
      -1.4827362886391726,
      -0.2533530872791005,
      13.269378115038014,
      4.2654556493308743e-10
    ],
    [
      8.797716635976531,
      0.0,
      -1020.5328249655448,
      0.0,
      0.0,
      0.4663463437548511,
      1.051154437560477,
      3.2957414492616377,
      -5.234850100023713,
      -2.3972541435257798e-08,
      -7.363642424012948e-10,
      4.2654556493308743e-10,
      70.05379308942553
    ]
  ],
  "J_firm": [
    [
      0.0020220524577930763,
      0.15873191434036585,
      0.06929781822046913,
      0.02697575911297327,
      0.009077317422858892,
      -0.00042174642249221555,
      1.724603516497947e-05,
      0.00017879263250933724,
      -6.40539052174278e-05,
      -0.002631448629563427,
      -0.013629486546061423,
      -0.0008402627527034454,
      0.0010613447632015095
    ],
    [
      0.15873191434036585,
      12.460517793715725,
      5.43990602387794,
      2.1176077150145827,
      0.7125729928778121,
      -0.033107260274273645,
      0.0013538205529574823,
      0.014035292071074876,
      -0.005028256787776734,
      -0.20656975384052043,
      -1.069920061962103,
      -0.06596095703228892,
      0.08331598193153204
    ],
    [
      0.06929781822046913,
      5.43990602387794,
      2.374907531013524,
      0.9244870201885157,
      0.3110890077428171,
      -0.014453683834145878,
      0.0005910393695675653,
      0.006127407476022612,
      -0.0021951932369316937,
      -0.0901824520354011,
      -0.46709652732656626,
      -0.02879666908237703,
      0.0363733770536588
    ],
    [
      0.02697575911297327,
      2.1176077150145827,
      0.9244870201885157,
      0.35987769600961944,
      0.12109850426842633,
      -0.005626426681494383,
      0.00023007557913315053,
      0.0023852333638318484,
      -0.0008545291249646583,
      -0.03510558001385483,
      -0.18182799584801254,
      -0.01120976140909374,
      0.014159168105454487
    ],
    [
      0.009077317422858892,
      0.7125729928778121,
      0.3110890077428171,
      0.12109850426842633,
      0.040749532128987735,
      -0.0018932872558090484,
      7.742021473031701e-05,
      0.0008026287705350406,
      -0.00028754824217909085,
      -0.01181299446531898,
      -0.06118494859634587,
      -0.0037720741098967512,
      0.0047645466731284
    ],
    [
      -0.00042174642249221555,
      -0.033107260274273645,
      -0.014453683834145878,
      -0.005626426681494383,
      -0.0018932872558090484,
      8.796509912463628e-05,
      -3.5970647571346814e-06,
      -3.729139312789028e-05,
      1.335994289761899e-05,
      0.0005488502739942214,
      0.0028427487966760853,
      0.00017525648681385696,
      -0.00022136832068126821
    ],
    [
      1.724603516497947e-05,
      0.0013538205529574823,
      0.0005910393695675653,
      0.00023007557913315053,
      7.742021473031701e-05,
      -3.5970647571346814e-06,
      1.4709100536210968e-07,
      1.5249179197164148e-06,
      -5.463141658746555e-07,
      -2.2443559970654334e-05,
      -0.00011624555206175755,
      -7.166580137471885e-06,
      9.052183111172852e-06
    ],
    [
      0.00017879263250933724,
      0.014035292071074876,
      0.006127407476022612,
      0.0023852333638318484,
      0.0008026287705350406,
      -3.729139312789028e-05,
      1.5249179197164148e-06,
      1.5809088095819418e-05,
      -5.663733545680073e-06,
      -0.00023267627206181968,
      -0.0012051377648137592,
      -7.42971770966612e-05,
      9.384554959563562e-05
    ],
    [
      -6.40539052174278e-05,
      -0.005028256787776734,
      -0.0021951932369316937,
      -0.0008545291249646583,
      -0.00028754824217909085,
      1.335994289761899e-05,
      -5.463141658746555e-07,
      -5.663733545680073e-06,
      2.0290783049621e-06,
      8.3358154459826e-05,
      0.0004317503415991817,
      2.6617564006299024e-05,
      -3.36209264023356e-05
    ],
    [
      -0.002631448629563427,
      -0.20656975384052043,
      -0.0901824520354011,
      -0.03510558001385483,
      -0.01181299446531898,
      0.0005488502739942214,
      -2.2443559970654334e-05,
      -0.00023267627206181968,
      8.3358154459826e-05,
      0.0034245016064463796,
      0.01773707381085003,
      0.0010934969864668787,
      -0.0013812076001574916
    ],
    [
      -0.013629486546061423,
      -1.069920061962103,
      -0.46709652732656626,
      -0.18182799584801254,
      -0.06118494859634587,
      0.0028427487966760853,
      -0.00011624555206175755,
      -0.0012051377648137592,
      0.0004317503415991817,
      0.01773707381085003,
      0.09186848876908767,
      0.00566372540879951,
      -0.007153911420565151
    ],
    [
      -0.0008402627527034454,
      -0.06596095703228892,
      -0.02879666908237703,
      -0.01120976140909374,
      -0.0037720741098967512,
      0.00017525648681385696,
      -7.166580137471885e-06,
      -7.42971770966612e-05,
      2.6617564006299024e-05,
      0.0010934969864668787,
      0.00566372540879951,
      0.00034917071061121955,
      -0.0004410412147607838
    ],
    [
      0.0010613447632015095,
      0.08331598193153204,
      0.0363733770536588,
      0.014159168105454487,
      0.0047645466731284,
      -0.00022136832068126821,
      9.052183111172852e-06,
      9.384554959563562e-05,
      -3.36209264023356e-05,
      -0.0013812076001574916,
      -0.007153911420565151,
      -0.0004410412147607838,
      0.0005570838194794955
    ]
  ],
  "true_params": {
    "gamma": 0.05,
    "beta": 0.2,
    "phi": 1.0,
    "sigma_a": 1.5,
    "sigma_skill": 1.0,
    "lambda_skill": 0.0,
    "V": [
      0.5903058992751073,
      -2.0800709646958078,
      0.08009008627934186,
      3.887098705988172
    ],
    "c": [
      6.351101048258439,
      4.329667519544973,
      5.5610358271505245,
      17.59674975469458
    ]
  },
  "true_params_transformed": {
    "gamma": 0.05,
    "beta": 0.2,
    "phi_over_sigma_skill": 1.0,
    "sigma_skill": 1.0,
    "lambda_skill": 0.0,
    "V": [
      0.5903058992751073,
      -2.0800709646958078,
      0.08009008627934186,
      3.887098705988172
    ],
    "c_tilde": [
      6.351101048258439,
      4.329667519544973,
      5.5610358271505245,
      17.59674975469458
    ]
  },
  "market_shares": {
    "empirical": [
      0.3648,
      0.374,
      0.032,
      0.218,
      0.0112
    ],
    "model": [
      0.364968452370279,
      0.3737926684774205,
      0.03194979232750897,
      0.21800241027477746,
      0.011286676550014385
    ]
  },
  "theta_plot_path": "output/mle_penalized_phi_sigma_skill_theta_ci_plot.png"
}