{
  "solver": "LBFGS",
  "objective": 1357.6297710361878,
  "objective_breakdown": {
    "neg_log_likelihood": 1357.3465713447122,
    "penalty": 0.283199691475553
  },
  "nit": 288,
  "grad_norm": 8.132154252326643e-07,
  "theta0": [
    0.05,
    0.3,
    1.3,
    1.0,
    2.6575825967212348,
    -0.8486701107464021,
    2.3553364000031825,
    2.989150207620794,
    -2.2038642274508553,
    3.4194484807833057,
    7.255341152781783,
    5.308653390552595,
    11.036895096950753,
    8.375805927719828,
    2.821081116189168,
    10.33473760879286
  ],
  "theta_hat": [
    0.05201416757960671,
    0.1677660219918678,
    1.0022968112776174,
    1.5435434687438627,
    2.751791481647103,
    -0.9384102166131914,
    2.524287567664823,
    3.1776457344830376,
    -1.9838761177349507,
    3.361819587453761,
    7.125139800484588,
    5.950232340317644,
    11.052308391011778,
    8.498151661224183,
    1.8826159017280495,
    10.224876758138082
  ],
  "moment_vector": [
    -0.017276053485115295,
    0.5389393339290067,
    -0.1135978108828728,
    0.0009680809239105415,
    -0.5037538173782408,
    0.09472067847116517
  ],
  "labor_supplied_data": [
    342.0,
    23.0,
    72.0,
    214.0,
    14.0,
    169.0
  ],
  "labor_supplied_model": [
    341.13532176193723,
    22.78977059353318,
    71.68429173164218,
    214.80006626261616,
    14.014583782085225,
    168.8949871672439
  ],
  "average_skill": [
    9.92993462420061,
    7.7646134160540345,
    13.119370285975295,
    11.024805105385369,
    6.23828507426309,
    12.478403359315584
  ],
  "weight_matrix": [
    [
      1.0,
      0.0,
      0.0,
      0.0,
      0.0,
      0.0
    ],
    [
      0.0,
      1.0,
      0.0,
      0.0,
      0.0,
      0.0
    ],
    [
      0.0,
      0.0,
      1.0,
      0.0,
      0.0,
      0.0
    ],
    [
      0.0,
      0.0,
      0.0,
      1.0,
      0.0,
      0.0
    ],
    [
      0.0,
      0.0,
      0.0,
      0.0,
      1.0,
      0.0
    ],
    [
      0.0,
      0.0,
      0.0,
      0.0,
      0.0,
      1.0
    ]
  ],
  "time_sec": 5.734793040988734,
  "timings": {
    "build_time_sec": 0.6004749999847263,
    "solve_time_sec": 5.134318041004008,
    "total_time_sec": 5.734793040988734
  },
  "distance_metrics": {
    "gamma_error": 0.002014167579606707,
    "beta_error": -0.032233978008132214,
    "phi_error": 0.0022968112776173832,
    "sigma_a_error": 0.04354346874386272,
    "V_l2": 0.14872767006850113,
    "V_max_abs": 0.21998810971590466,
    "c_l2": 0.47197605064987436,
    "c_max_abs": 0.9384652144611185
  },
  "ci_radius_95": [
    0.02553499950964049,
    0.0863511663249474,
    0.0,
    0.0,
    0.5789297557090636,
    0.7952293139737606,
    0.7616451844831436,
    0.7329560361317474,
    0.5863128305677783,
    0.7028419444954165,
    0.0,
    0.0,
    0.0,
    0.0,
    0.0,
    0.0
  ],
  "param_names": [
    "gamma",
    "beta",
    "phi",
    "sigma_a",
    "V_1",
    "V_2",
    "V_3",
    "V_4",
    "V_5",
    "V_6",
    "c_1",
    "c_2",
    "c_3",
    "c_4",
    "c_5",
    "c_6"
  ],
  "standard_errors": [
    0.013028060974306373,
    0.044056717512728265,
    0.0,
    0.0,
    0.29537232434135896,
    0.40572924182334724,
    0.3885944818791549,
    0.37395716129170786,
    0.2991391992692746,
    0.3585928288241921,
    0.0,
    0.0,
    0.0,
    0.0,
    0.0,
    0.0
  ],
  "covariance": [
    [
      0.0001697303727502447,
      1.3885374249076157e-05,
      53.5488942719974,
      81.7376192841964,
      0.001024171538292254,
      0.0012856599800026634,
      0.0009431770746405482,
      0.002681610609765326,
      0.0014534392384794154,
      0.0019266958231131896,
      281.8015261501842,
      247.13693489457756,
      604.7510125306619,
      458.63955364792355,
      77.01415810027885,
      558.3746004666752
    ],
    [
      1.3885374249076157e-05,
      0.0019409943579963376,
      10886.678285177884,
      16558.18335513126,
      0.002383286524460787,
      0.002071819615919836,
      0.003739895125603458,
      0.003034963598391804,
      -0.0012222900228779363,
      0.0030939479441358646,
      49235.375642808285,
      44478.06125538816,
      124110.7260181665,
      93619.0461369358,
      13736.99645490997,
      114505.22858099395
    ],
    [
      53.5488942719974,
      10886.678285177884,
      -1104778668570.6577,
      -1687586689677.4648,
      368.2254309873252,
      8438.230667611626,
      4005.201809460237,
      1713.9462513663293,
      6589.099340957995,
      4194.199250795851,
      -5982740581226.125,
      -5219570499297.386,
      -12452389139649.027,
      -9454402766175.844,
      -1629138511002.7695,
      -11499279559598.709
    ],
    [
      81.7376192841964,
      16558.18335513126,
      -1687586689677.4648,
      -2577673738322.5435,
      579.2624724750603,
      12759.066284108038,
      6068.5176931488195,
      2623.82196919309,
      10058.015302368463,
      6405.78021897045,
      -9115502763726.791,
      -7956368507358.439,
      -19024812331456.664,
      -14443008564875.89,
      -2483001637121.9517,
      -17568392971535.398
    ],
    [
      0.001024171538292254,
      0.002383286524460787,
      368.2254309873252,
      579.2624724750603,
      0.08724480998681694,
      0.042174829344444435,
      0.0878059522307219,
      0.09433383897572165,
      0.01509314274774354,
      0.09191060224647807,
      4271.156721006051,
      3369.4829711375723,
      3821.7706280096563,
      3044.8808196964824,
      1085.7730031166757,
      3554.110054648154
    ],
    [
      0.0012856599800026634,
      0.002071819615919836,
      8438.230667611626,
      12759.066284108038,
      0.042174829344444435,
      0.16461621767054818,
      0.042109913771191124,
      0.054911902369018266,
      0.018409582699685144,
      0.04941779232764409,
      27960.179223867974,
      27173.221780335978,
      97670.20592759279,
      73040.09171066238,
      8215.644173224426,
      90001.04435779066
    ],
    [
      0.0009431770746405482,
      0.003739895125603458,
      4005.201809460237,
      6068.5176931488195,
      0.0878059522307219,
      0.042109913771191124,
      0.15100567134692885,
      0.10638551092243065,
      0.013787782040591574,
      0.10954845102979482,
      14956.842584803147,
      14104.07336756322,
      46115.9344508357,
      34589.773460514516,
      4301.326174009568,
      42512.71434226897
    ],
    [
      0.002681610609765326,
      0.003034963598391804,
      1713.9462513663293,
      2623.82196919309,
      0.09433383897572165,
      0.054911902369018266,
      0.10638551092243065,
      0.13984395848135242,
      0.029025948911132297,
      0.11968002539734349,
      10054.356292858472,
      8650.716564964365,
      19207.02505751126,
      14631.45920397502,
      2711.6296382230657,
      17745.36369313625
    ],
    [
      0.0014534392384794154,
      -0.0012222900228779363,
      6589.099340957995,
      10058.015302368463,
      0.01509314274774354,
      0.018409582699685144,
      0.013787782040591574,
      0.029025948911132297,
      0.0894842605394628,
      0.02251297331829545,
      34723.89915532282,
      30444.627247646924,
      74406.58701270007,
      56432.50051653574,
      9488.044376156085,
      68701.03998262461
    ],
    [
      0.0019266958231131896,
      0.0030939479441358646,
      4194.199250795851,
      6405.78021897045,
      0.09191060224647807,
      0.04941779232764409,
      0.10954845102979482,
      0.11968002539734349,
      0.02251297331829545,
      0.12858881688413631,
      22574.093794010823,
      19716.282614350544,
      47294.488986979784,
      35899.3475871942,
      6151.771803282119,
      43673.070870636024
    ],
    [
      281.8015261501842,
      49235.375642808285,
      -5982740581226.125,
      -9115502763726.791,
      4271.156721006051,
      27960.179223867974,
      14956.842584803147,
      10054.356292858472,
      34723.89915532282,
      22574.093794010823,
      -29230135415492.54,
      -25998027480125.895,
      -67891057089838.39,
      -51346616327875.5,
      -8067081141451.377,
      -62660093890990.4
    ],
    [
      247.13693489457756,
      44478.06125538816,
      -5219570499297.386,
      -7956368507358.439,
      3369.4829711375723,
      27173.221780335978,
      14104.07336756322,
      8650.716564964365,
      30444.627247646924,
      19716.282614350544,
      -25998027480125.895,
      -23037055110927.383,
      -59159078804206.0,
      -44773561329858.164,
      -7156389198465.023,
      -54606288988907.74
    ],
    [
      604.7510125306619,
      124110.7260181665,
      -12452389139649.027,
      -19024812331456.664,
      3821.7706280096563,
      97670.20592759279,
      46115.9344508357,
      19207.02505751126,
      74406.58701270007,
      47294.488986979784,
      -67891057089838.39,
      -59159078804206.0,
      -140289717277834.88,
      -106542896251314.38,
      -18471650208464.535,
      -129556888424911.78
    ],
    [
      458.63955364792355,
      93619.0461369358,
      -9454402766175.844,
      -14443008564875.89,
      3044.8808196964824,
      73040.09171066238,
      34589.773460514516,
      14631.45920397502,
      56432.50051653574,
      35899.3475871942,
      -51346616327875.5,
      -44773561329858.164,
      -106542896251314.38,
      -80901365898512.89,
      -13976992155896.111,
      -98389684620739.62
    ],
    [
      77.01415810027885,
      13736.99645490997,
      -1629138511002.7695,
      -2483001637121.9517,
      1085.7730031166757,
      8215.644173224426,
      4301.326174009568,
      2711.6296382230657,
      9488.044376156085,
      6151.771803282119,
      -8067081141451.377,
      -7156389198465.023,
      -18471650208464.535,
      -13976992155896.111,
      -2222349139658.345,
      -17049586236605.57
    ],
    [
      558.3746004666752,
      114505.22858099395,
      -11499279559598.709,
      -17568392971535.398,
      3554.110054648154,
      90001.04435779066,
      42512.71434226897,
      17745.36369313625,
      68701.03998262461,
      43673.070870636024,
      -62660093890990.4,
      -54606288988907.74,
      -129556888424911.78,
      -98389684620739.62,
      -17049586236605.57,
      -119644794719478.8
    ]
  ],
  "hessian": [
    [
      17692.973278915153,
      2.0749122064094365,
      -2577.10870898182,
      262.9383840615536,
      736.5879334262231,
      -74.38215689978813,
      275.4587477524477,
      -970.495564389274,
      -91.31894636247571,
      -196.62879283764568,
      2.881614368737335,
      52.398556367249654,
      -115.62936472494755,
      343.3786518418134,
      2.3239834232581362,
      19.59611837162673
    ],
    [
      2.0749122064094365,
      8.662840827349024,
      3.8440543668265463,
      0.06503966839132366,
      -0.0035054792476708393,
      0.01942504497819987,
      -0.07007837900528427,
      -0.05715481157238802,
      0.01880336996544072,
      -0.11576054800928007,
      -0.10586657577124067,
      -0.0849290381646163,
      -0.04409903881057618,
      -0.08018646141354097,
      -0.6158031983078909,
      -0.0357421957974925
    ],
    [
      -2577.10870898182,
      3.8440543668265463,
      9381.337144153546,
      -122.91160702266612,
      -300.86780813903204,
      -6.958907206143522,
      195.94635332157918,
      31.23526241377504,
      -13.754375079892451,
      274.69094144980255,
      -415.92084369380314,
      -22.54847016510952,
      -120.09483661962767,
      -182.1791362648724,
      -1.2751047687829837,
      -316.6385812285383
    ],
    [
      262.9383840615536,
      0.06503966839132366,
      -122.91160702266612,
      120.18526505209121,
      -9.705994696238381,
      -2.045635147751541,
      2.383385185246525,
      -11.358936621967924,
      1.460048173270886,
      -4.265831540160201,
      34.17401134086075,
      2.7585802987688286,
      -9.612024223952472,
      -7.249338542259149,
      0.18808411629421765,
      -15.133593345161799
    ],
    [
      736.5879334262231,
      -0.0035054792476708393,
      -300.86780813903204,
      -9.705994696238381,
      127.91365908922208,
      -3.2735304708412487,
      -13.945766854759924,
      -68.33139528944136,
      -0.7569011638750688,
      -32.5899155754785,
      -30.100338903666476,
      0.3760330096534489,
      4.483413113893516,
      38.11067858105673,
      0.022933842127305065,
      15.189086927416366
    ],
    [
      -74.38215689978813,
      0.01942504497819987,
      -6.958907206143522,
      -2.045635147751541,
      -3.2735304708412487,
      18.426888255221204,
      -0.29387740803402884,
      -1.126466290976617,
      -1.0452693597540492,
      -0.6522987360309307,
      7.922078464464053,
      -8.823422924226913,
      0.07140439291034824,
      0.4035302334102825,
      0.006722481114315125,
      0.191378032505812
    ],
    [
      275.4587477524477,
      -0.07007837900528427,
      195.94635332157918,
      2.383385185246525,
      -13.945766854759924,
      -0.29387740803402884,
      54.72967372309681,
      -13.902469962557845,
      -0.08703859478847813,
      -25.4361824629271,
      0.24117737528571825,
      -9.163817364884627e-05,
      -21.383611064428784,
      0.3140195484501287,
      0.004895905711484301,
      3.1166458916784854
    ],
    [
      -970.495564389274,
      -0.05715481157238802,
      31.23526241377504,
      -11.358936621967924,
      -68.33139528944136,
      -1.126466290976617,
      -13.902469962557845,
      124.31545176308913,
      -0.30393563305002247,
      -37.05408819264715,
      7.800830280472935,
      0.02609406822148522,
      5.257777847932322,
      -41.152728629146296,
      0.014461965183904668,
      21.718898164289012
    ],
    [
      -91.31894636247571,
      0.01880336996544072,
      -13.754375079892451,
      1.460048173270886,
      -0.7569011638750688,
      -1.0452693597540492,
      -0.08703859478847813,
      -0.30393563305002247,
      13.00940239602353,
      -0.19734772627659775,
      0.9909400468257219,
      0.6841392107656186,
      0.019213353597028457,
      0.051003977149125926,
      -0.3662452815950561,
      0.04348732961215168
    ],
    [
      -196.62879283764568,
      -0.11576054800928007,
      274.69094144980255,
      -4.265831540160201,
      -32.5899155754785,
      -0.6522987360309307,
      -25.4361824629271,
      -37.05408819264715,
      -0.19734772627659775,
      98.24357479223362,
      1.220769033112047,
      -0.0024376073750018157,
      11.318032197049945,
      1.6936799340381374,
      0.011180585550913788,
      -40.775609697861285
    ],
    [
      2.881614368737335,
      -0.10586657577124067,
      -415.92084369380314,
      34.17401134086075,
      -30.100338903666476,
      7.922078464464053,
      0.24117737528571825,
      7.800830280472935,
      0.9909400468257219,
      1.220769033112047,
      70.2429155074481,
      -3.0828550847521226,
      -0.32254535572492393,
      -10.83558058190792,
      -0.030441465031238346,
      -2.1824457242076205
    ],
    [
      52.398556367249654,
      -0.0849290381646163,
      -22.54847016510952,
      2.7585802987688286,
      0.3760330096534489,
      -8.823422924226913,
      -9.163817364884627e-05,
      0.02609406822148522,
      0.6841392107656186,
      -0.0024376073750018157,
      -3.0828550847521226,
      6.878267999702916,
      0.0002780175057718773,
      -0.07112227196251247,
      -0.006575643930061952,
      -0.000541179422038306
    ],
    [
      -115.62936472494755,
      -0.04409903881057618,
      -120.09483661962767,
      -9.612024223952472,
      4.483413113893516,
      0.07140439291034824,
      -21.383611064428784,
      5.257777847932322,
      0.019213353597028457,
      11.318032197049945,
      -0.32254535572492393,
      0.0002780175057718773,
      15.424221517004339,
      -0.3996621383685482,
      -0.0014134607837745223,
      -2.892008146106611
    ],
    [
      343.3786518418134,
      -0.08018646141354097,
      -182.1791362648724,
      -7.249338542259149,
      38.11067858105673,
      0.4035302334102825,
      0.3140195484501287,
      -41.152728629146296,
      0.051003977149125926,
      1.6936799340381374,
      -10.83558058190792,
      -0.07112227196251247,
      -0.3996621383685482,
      36.0752636626044,
      -0.0052422125980528915,
      -3.0054686481308135
    ],
    [
      2.3239834232581362,
      -0.6158031983078909,
      -1.2751047687829837,
      0.18808411629421765,
      0.022933842127305065,
      0.006722481114315125,
      0.004895905711484301,
      0.014461965183904668,
      -0.3662452815950561,
      0.011180585550913788,
      -0.030441465031238346,
      -0.006575643930061952,
      -0.0014134607837745223,
      -0.0052422125980528915,
      0.7174763639933923,
      -0.004578775254739386
    ],
    [
      19.59611837162673,
      -0.0357421957974925,
      -316.6385812285383,
      -15.133593345161799,
      15.189086927416366,
      0.191378032505812,
      3.1166458916784854,
      21.718898164289012,
      0.04348732961215168,
      -40.775609697861285,
      -2.1824457242076205,
      -0.000541179422038306,
      -2.892008146106611,
      -3.0054686481308135,
      -0.004578775254739386,
      40.46910048158575
    ]
  ],
  "J_micro": [
    [
      17866.255031671906,
      0.0,
      -2686.4627139928198,
      313.6792028764367,
      741.2855673235131,
      -66.17442945279588,
      296.39815431570764,
      -1000.056330814679,
      -93.54412097915065,
      -206.95526014418414,
      22.91947039741642,
      49.850345475058006,
      -133.23606253075178,
      352.18284619866984,
      5.278236598995826,
      21.345575486002968
    ],
    [
      0.0,
      0.0,
      0.0,
      0.0,
      0.0,
      0.0,
      0.0,
      0.0,
      0.0,
      0.0,
      0.0,
      0.0,
      0.0,
      0.0,
      0.0,
      0.0
    ],
    [
      -2686.4627139928198,
      0.0,
      9421.539686295777,
      -140.37150217083928,
      -305.8631475170677,
      4.5904667830950645,
      190.0613183564258,
      32.89305915858475,
      -4.8142856476953195,
      281.3903890352846,
      -414.3529075163775,
      -23.303649271880865,
      -137.83763376826664,
      -210.20999297958525,
      -0.3307690446760054,
      -276.2949684003161
    ],
    [
      313.6792028764367,
      0.0,
      -140.37150217083928,
      109.08262597780161,
      -11.27342499675566,
      -4.463068562135738,
      4.948230574363759,
      -6.032652439976679,
      0.3189979961018089,
      -10.179379915664208,
      33.64701906665335,
      4.666334323867414,
      -14.42008924800704,
      -10.678419105597486,
      0.11997909266969023,
      -4.429308161664658
    ],
    [
      741.2855673235131,
      0.0,
      -305.8631475170677,
      -11.27342499675566,
      126.98166429056207,
      -3.0117666310838414,
      -13.286937949238887,
      -68.61975845249435,
      -0.4243650688555768,
      -32.14754588150725,
      -30.106060150104152,
      0.37787710785602036,
      4.71941794297396,
      38.002653588623694,
      0.00015951518486955862,
      15.757161385862089
    ],
    [
      -66.17442945279588,
      0.0,
      4.5904667830950645,
      -4.463068562135738,
      -3.0117666310838414,
      18.45643209715303,
      -0.6054996862499857,
      -1.0043071325537711,
      -0.8855770849568791,
      -0.9803566897242865,
      7.437277075548763,
      -8.77758974009686,
      0.06006594558934136,
      0.09475685175279414,
      0.003672436287690213,
      0.004787374618523336
    ],
    [
      296.39815431570764,
      0.0,
      190.0613183564258,
      4.948230574363759,
      -13.286937949238887,
      -0.6054996862499857,
      54.608983530073345,
      -14.307923855196538,
      -0.052874958171570854,
      -25.514078093317128,
      0.24089401949233585,
      -0.002355438681686247,
      -21.20571070433661,
      0.3131667661819803,
      -2.1067422435405592e-07,
      3.1171686810368024
    ],
    [
      -1000.056330814679,
      0.0,
      32.89305915858475,
      -6.032652439976679,
      -68.61975845249435,
      -1.0043071325537711,
      -14.307923855196538,
      125.46838373360431,
      -0.27025482071473583,
      -37.5388823409255,
      7.799687792345604,
      0.022860496464904907,
      4.804001871005792,
      -40.99015475870619,
      -3.900107127215769e-06,
      21.113057476893392
    ],
    [
      -93.54412097915065,
      0.0,
      -4.8142856476953195,
      0.3189979961018089,
      -0.4243650688555768,
      -0.8855770849568791,
      -0.052874958171570854,
      -0.27025482071473583,
      12.978855029725539,
      -0.22334031920629355,
      0.20271788700890503,
      0.6171447742012157,
      0.0023684081321103875,
      0.0099699288101859,
      -0.6011668921027037,
      0.023205346417070165
    ],
    [
      -206.95526014418414,
      0.0,
      281.3903890352846,
      -10.179379915664208,
      -32.14754588150725,
      -0.9803566897242865,
      -25.514078093317128,
      -37.5388823409255,
      -0.22334031920629355,
      98.45020346336855,
      1.2200395255146177,
      -0.0069265143988356415,
      11.392447991023728,
      1.6923326554896507,
      -9.078251100525016e-07,
      -40.61375684888534
    ],
    [
      22.91947039741642,
      0.0,
      -414.3529075163775,
      33.64701906665335,
      -30.106060150104152,
      7.437277075548763,
      0.24089401949233585,
      7.799687792345604,
      0.20271788700890503,
      1.2200395255146177,
      70.16506720578752,
      -3.1268824145058054,
      -0.3224531801871955,
      -10.834919706343685,
      -0.004859729685620944,
      -2.1820784047396162
    ],
    [
      49.850345475058006,
      0.0,
      -23.303649271880865,
      4.666334323867414,
      0.37787710785602036,
      -8.77758974009686,
      -0.002355438681686247,
      0.022860496464904907,
      0.6171447742012157,
      -0.0069265143988356415,
      -3.1268824145058054,
      6.5630962665258945,
      0.0007073116499629926,
      -0.07239807634512758,
      -0.007363352486637321,
      0.00032322578794831847
    ],
    [
      -133.23606253075178,
      0.0,
      -137.83763376826664,
      -14.42008924800704,
      4.71941794297396,
      0.06006594558934136,
      -21.20571070433661,
      4.804001871005792,
      0.0023684081321103875,
      11.392447991023728,
      -0.3224531801871955,
      0.0007073116499629926,
      17.704989538460886,
      -0.39969478273693193,
      3.514402278743292e-07,
      -2.8928238668649477
    ],
    [
      352.18284619866984,
      0.0,
      -210.20999297958525,
      -10.678419105597486,
      38.002653588623694,
      0.09475685175279414,
      0.3131667661819803,
      -40.99015475870619,
      0.0099699288101859,
      1.6923326554896507,
      -10.834919706343685,
      -0.07239807634512758,
      -0.39969478273693193,
      40.00421202033808,
      1.7886143991420266e-05,
      -3.0061811497859874
    ],
    [
      5.278236598995826,
      0.0,
      -0.3307690446760054,
      0.11997909266969023,
      0.00015951518486955862,
      0.003672436287690213,
      -2.1067422435405592e-07,
      -3.900107127215769e-06,
      -0.6011668921027037,
      -9.078251100525016e-07,
      -0.004859729685620944,
      -0.007363352486637321,
      3.514402278743292e-07,
      1.7886143991420266e-05,
      0.11930308307477813,
      1.7565651266966452e-06
    ],
    [
      21.345575486002968,
      0.0,
      -276.2949684003161,
      -4.429308161664658,
      15.757161385862089,
      0.004787374618523336,
      3.1171686810368024,
      21.113057476893392,
      0.023205346417070165,
      -40.61375684888534,
      -2.1820784047396162,
      0.00032322578794831847,
      -2.8928238668649477,
      -3.0061811497859874,
      1.7565651266966452e-06,
      34.898361698399114
    ]
  ],
  "J_firm": [
    [
      0.00012825434940850802,
      -5.600703812360816e-09,
      -0.0005640716027328119,
      -0.00021615845933202707,
      -5.26678987738611e-05,
      -0.00014388402857788766,
      2.3584204810220138e-05,
      3.7766816998621576e-06,
      1.4767388291665042e-05,
      2.21869205285877e-05,
      0.0005428821790528068,
      0.0004008597320214886,
      -4.490768197758479e-05,
      2.425379281392106e-05,
      -0.002923760431555164,
      4.305540466358462e-05
    ],
    [
      -5.600703812360816e-09,
      2.445755901336484e-13,
      2.4632287251387074e-08,
      9.439364145062002e-09,
      2.2999399459916447e-09,
      6.283231961414872e-09,
      -1.0298921354423548e-09,
      -1.6492287155984863e-10,
      -6.448730065309918e-10,
      -9.688745135123222e-10,
      -2.3706972152650467e-08,
      -1.7505033082377115e-08,
      1.9610611789471332e-09,
      -1.0591321893066807e-09,
      1.2767688792591104e-07,
      -1.8801745917716183e-09
    ],
    [
      -0.0005640716027328119,
      2.4632287251387074e-08,
      0.0024808263772492086,
      0.0009506800288800456,
      0.0002316371040120886,
      0.0006328120253378232,
      -0.00010372498295638518,
      -1.6610110372690475e-05,
      -6.49480069898096e-05,
      -9.757962891694167e-05,
      -0.0023876338092677896,
      -0.0017630091498277627,
      0.00019750712755501506,
      -0.00010666987784813837,
      0.012858902955260676,
      -0.00018936068232308133
    ],
    [
      -0.00021615845933202707,
      9.439364145062002e-09,
      0.0009506800288800456,
      0.0003643110721490747,
      8.876589299089885e-05,
      0.0002425005474147168,
      -3.9748557455237346e-05,
      -6.365177488284932e-06,
      -2.488879259226414e-05,
      -3.739359001000473e-05,
      -0.0009149676090055767,
      -0.0006756045505016313,
      7.568690959188182e-05,
      -4.087707365710268e-05,
      0.00492767343373216,
      -7.25651019315844e-05
    ],
    [
      -5.26678987738611e-05,
      2.2999399459916447e-09,
      0.0002316371040120886,
      8.876589299089885e-05,
      2.1628175372192615e-05,
      5.908625701400828e-05,
      -9.684899711668436e-06,
      -1.5509017073243886e-06,
      -6.064256809119342e-06,
      -9.11110219569552e-06,
      -0.00022293562584310787,
      -0.00016461383092263623,
      1.84414272067352e-05,
      -9.959867331571802e-06,
      0.0012006479246773419,
      -1.7680785914453156e-05
    ],
    [
      -0.00014388402857788766,
      6.283231961414872e-09,
      0.0006328120253378232,
      0.0002425005474147168,
      5.908625701400828e-05,
      0.00016141841407546874,
      -2.645828710332503e-05,
      -4.23692592211227e-06,
      -1.656701179163086e-05,
      -2.4890723177134334e-05,
      -0.0006090403586740136,
      -0.0004497103872414803,
      5.038034364393154e-05,
      -2.7209474255294815e-05,
      0.0032800636503082493,
      -4.8302339091174484e-05
    ],
    [
      2.3584204810220138e-05,
      -1.0298921354423548e-09,
      -0.00010372498295638518,
      -3.9748557455237346e-05,
      -9.684899711668436e-06,
      -2.645828710332503e-05,
      4.3368097775677695e-06,
      6.944796423929371e-07,
      2.7155189012215406e-06,
      4.079868482180132e-06,
      9.982854037814527e-05,
      7.371257242943528e-05,
      -8.25790294205284e-06,
      4.459937770423983e-06,
      -0.0005376391923690999,
      7.917294707399034e-06
    ],
    [
      3.7766816998621576e-06,
      -1.6492287155984863e-10,
      -1.6610110372690475e-05,
      -6.365177488284932e-06,
      -1.5509017073243886e-06,
      -4.23692592211227e-06,
      6.944796423929371e-07,
      1.1121123554759952e-07,
      4.348525049879542e-07,
      6.533340750084116e-07,
      1.5986149399733466e-05,
      1.1804041119222858e-05,
      -1.3223880631741227e-06,
      7.141968743752216e-07,
      -8.609542341105954e-05,
      1.2678444015586186e-06
    ],
    [
      1.4767388291665042e-05,
      -6.448730065309918e-10,
      -6.49480069898096e-05,
      -2.488879259226414e-05,
      -6.064256809119342e-06,
      -1.656701179163086e-05,
      2.7155189012215406e-06,
      4.348525049879542e-07,
      1.7003381013005964e-06,
      2.5546336007551718e-06,
      6.250822659559804e-05,
      4.6155559952194687e-05,
      -5.170734404720392e-06,
      2.792616216764404e-06,
      -0.00033664593648250244,
      4.957460559070458e-06
    ],
    [
      2.21869205285877e-05,
      -9.688745135123222e-10,
      -9.757962891694167e-05,
      -3.739359001000473e-05,
      -9.11110219569552e-06,
      -2.4890723177134334e-05,
      4.079868482180132e-06,
      6.533340750084116e-07,
      2.5546336007551718e-06,
      3.838150088570886e-06,
      9.391403736856133e-05,
      6.934535209518391e-05,
      -7.76865015303464e-06,
      4.195701558356671e-06,
      -0.0005057858906049737,
      7.448221803024223e-06
    ],
    [
      0.0005428821790528068,
      -2.3706972152650467e-08,
      -0.0023876338092677896,
      -0.0009149676090055767,
      -0.00022293562584310787,
      -0.0006090403586740136,
      9.982854037814527e-05,
      1.5986149399733466e-05,
      6.250822659559804e-05,
      9.391403736856133e-05,
      0.00229794203231577,
      0.001696781480066622,
      -0.0001900877464244844,
      0.00010266280990735208,
      -0.012375856580546876,
      0.00018224732347530534
    ],
    [
      0.0004008597320214886,
      -1.7505033082377115e-08,
      -0.0017630091498277627,
      -0.0006756045505016313,
      -0.00016461383092263623,
      -0.0004497103872414803,
      7.371257242943528e-05,
      1.1804041119222858e-05,
      4.6155559952194687e-05,
      6.934535209518391e-05,
      0.001696781480066622,
      0.0012528894770229137,
      -0.0001403592271627608,
      7.580537371817309e-05,
      -0.009138230621366254,
      0.00013456992339923218
    ],
    [
      -4.490768197758479e-05,
      1.9610611789471332e-09,
      0.00019750712755501506,
      7.568690959188182e-05,
      1.84414272067352e-05,
      5.038034364393154e-05,
      -8.25790294205284e-06,
      -1.3223880631741227e-06,
      -5.170734404720392e-06,
      -7.76865015303464e-06,
      -0.0001900877464244844,
      -0.0001403592271627608,
      1.5724222296558718e-05,
      -8.492356161494397e-06,
      0.0010237415280219368,
      -1.5075655749419873e-05
    ],
    [
      2.425379281392106e-05,
      -1.0591321893066807e-09,
      -0.00010666987784813837,
      -4.087707365710268e-05,
      -9.959867331571802e-06,
      -2.7209474255294815e-05,
      4.459937770423983e-06,
      7.141968743752216e-07,
      2.792616216764404e-06,
      4.195701558356671e-06,
      0.00010266280990735208,
      7.580537371817309e-05,
      -8.492356161494397e-06,
      4.5865615363028495e-06,
      -0.0005529035083138886,
      8.142077590710067e-06
    ],
    [
      -0.002923760431555164,
      1.2767688792591104e-07,
      0.012858902955260676,
      0.00492767343373216,
      0.0012006479246773419,
      0.0032800636503082493,
      -0.0005376391923690999,
      -8.609542341105954e-05,
      -0.00033664593648250244,
      -0.0005057858906049737,
      -0.012375856580546876,
      -0.009138230621366254,
      0.0010237415280219368,
      -0.0005529035083138886,
      0.06665173618322971,
      -0.0009815159415687905
    ],
    [
      4.305540466358462e-05,
      -1.8801745917716183e-09,
      -0.00018936068232308133,
      -7.25651019315844e-05,
      -1.7680785914453156e-05,
      -4.8302339091174484e-05,
      7.917294707399034e-06,
      1.2678444015586186e-06,
      4.957460559070458e-06,
      7.448221803024223e-06,
      0.00018224732347530534,
      0.00013456992339923218,
      -1.5075655749419873e-05,
      8.142077590710067e-06,
      -0.0009815159415687905,
      1.445384019562966e-05
    ]
  ],
  "true_params": {
    "gamma": 0.05,
    "beta": 0.2,
    "phi": 1.0,
    "sigma_a": 1.5,
    "V": [
      2.6575825967212348,
      -0.8486701107464021,
      2.3553364000031825,
      2.989150207620794,
      -2.2038642274508553,
      3.4194484807833057
    ],
    "c": [
      7.255341152781783,
      5.308653390552595,
      11.036895096950753,
      8.375805927719828,
      2.821081116189168,
      10.33473760879286
    ]
  },
  "market_shares": {
    "empirical": [
      0.166,
      0.342,
      0.023,
      0.072,
      0.214,
      0.014,
      0.169
    ],
    "model": [
      0.1666809787009417,
      0.3411353217619372,
      0.022789770593533182,
      0.07168429173164217,
      0.21480006626261616,
      0.014014583782085225,
      0.1688949871672439
    ]
  },
  "theta_plot_path": "output/mle_penalized_phi_sigma_theta_ci_plot.png"
}